15
42
0 14
(1,2)	16 25 36	0.6 0.3 0.1
(1,3)	21 24 25 39	0.5 0.2 0.2 0.1
(1,4)	11 13 26	0.4 0.4 0.2
(2,11)	24 28 31	0.5 0.3 0.2
(2,5)	11 30	0.7 0.3
(2,6)	13 37 39	0.6 0.2 0.2
(3,2)	11 20 24	0.6 0.3 0.1
(3,7)	23 30 34	0.4 0.3 0.2
(3,8)	14 23 34	0.5 0.4 0.1
(4,3)	22 30	0.7 0.3
(4,9)	35 40	0.6 0.4
(4,12)	16 25 37	0.5 0.4 0.1
(5,13)	28 35 37 40	0.4 0.3 0.2 0.1
(5,15)	25 32	0.7 0.3
(5,10)	27 33 40	0.4 0.3 0.3
(5,7)	15 17 19 26	0.3 0.3 0.3 0.1
(6,5)	18 25 29	0.5 0.3 0.2
(6,13)	21 23	0.5 0.5
(6,7)	11 31 37	0.5 0.5 0.1
(6,3)	18 24	0.7 0.3
(7,10)	19 23 37	0.6 0.2 0.2
(7,8)	15 22 24	0.3 0.3 0.3
(7,6)	12 23 31	0.5 0.3 0.2
(8,7)	14 34 39	0.6 0.2 0.2
(8,14)	14 15 27 32	0.3 0.3 0.2 0.2
(8,9)	13 31 32	0.8 0.1 0.1
(8,4)	13 23 34	0.4 0.3 0.3
(9,7)	10 17 20	0.6 0.3 0.1
(9,10)	16 18 36 39	0.3 0.3 0.2 0.2
(9,15)	12 13 25 32	0.4 0.3 0.2 0.1
(9,14)	19 24 29	0.4 0.3 0.3
(10,13)	14 20 25 32	0.3 0.3 0.2 0.2
(10,15)	15 19 25	0.4 0.3 0.3
(10,14)	23 34	0.9 0.1
(11,13)	13 31 25	0.6 0.3 0.1
(11,5)	18 19 20 23	0.3 0.3 0.3 0.1
(11,6)	10 19 39	0.5 0.4 0.1
(12,8)	15 36 39	0.5 0.3 0.2
(12,9)	16 22	0.7 0.3
(12,14)	10 13 18 34	0.3 0.3 0.3 0.1
(13,15)	12 31	0.9 0.1
(14,15)	14 19 32	0.5 0.3 0.2