10
23
0 9
(1,2)	7.0 7.3 9.4	0.2 0.5 0.3
(1,3)	2.5 3.5 8.2	0.5 0.4 0.1
(1,4)	4.2 4.8 6.1	0.2 0.3 0.5
(2,5)	2.6 3.1 5.5 8.8 9.0	0.1 0.2 0.4 0.2 0.1
(2,6)	5.8 7.0 9.5	0.3 0.3 0.4
(3,2)	1.5 7.3	0.4 0.6
(3,7)	6.5 7.4 7.5	0.4 0.5 0.1
(3,8)	5.9 7.2 9.8	0.6 0.3 0.1
(4,3)	2.1 3.2 8.5 9.8	0.3 0.2 0.3 0.2
(4,9)	8.9 9.6	0.7 0.3
(5,7)	3.2 4.8 6.7	0.2 0.2 0.6
(5,10)	6.3 6.9	0.5 0.5
(6,3)	6.6 8.5 9.8	0.8 0.1 0.1
(6,5)	0.6 1.5 3.9 5.8	0.1 0.4 0.3 0.2
(6,7)	0.2 4.8	0.4 0.6
(7,6)	6.1 6.3 8.5	0.2 0.3 0.5
(7,8)	1.6 1.8 4.0 5.2	0.2 0.3 0.3 0.2
(7,10)	1.6 3.4 7.1	0.1 0.5 0.4
(8,4)	9.0 9.6	0.5 0.5
(8,7)	2.1 4.6 8.5	0.3 0.4 0.3
(8,9)	1.7 4.9 5.3 6.5	0.1 0.4 0.4 0.1
(7,9)	0.3 3.0 5.0	0.1 0.4 0.5
(9,10)	0.6 1.2 5.4 6.6	0.1 0.1 0.3 0.5